9907463
16266973
26567245
31279460
33160075
39349539
42497179
43427023
67455297
70309929
76152449
87904218
88444052
125175816
136737522
137324499
156865287
161020383
164406497
175827784
176519210
179429093
191009817
201314005
206038781
210727224
219468406
222581538
223863065
225781574
233377369
241389404
243359948
248123364
258795439
260417586
267335494
269316152
275030493
277886206
278026402
279816970
297074594
300498394
313741440
318537132
323125399
332479088
337513447
339392141
342480951
344186216
352626729
355494821
356761890
359820427
368146636
373552246
380836699
388882875
389656349
390590293
394842104
402618688
402645186
411664908
413542814
414407202
422142420
423756231
426702092
432641427
434959456
451816454
480894453
481272000
484601279
490528800
498191330
500252260
503191615
509876771
514598987
517371035
519112394
519399476
520952610
535279493
542770529
546410073
553879489
558012596
572544787
576981325
580020223
584942562
586215866
587494475
590535349
593910595
598682868
610852451
612643845
622429045
623607624
631976260
634089046
639220514
639587229
645659281
656126006
675789578
687787509
687790918
689354557
696815551
709721558
710205962
714306532
716378013
717388995
725449452
745679381
757527016
761031180
768167739
771325280
772979688
791161887
793225565
801025780
813060119
814488079
819092374
838306396
839526666
845653021
849900351
851084498
851351956
852751589
869734682
871132167
873125115
874462129
884994104
891125059
895109974
896699728
900841597
901190998
908524215
909104843
909156676
912333913
915446040
918681095
923714526
924943605
926363685
930207671
936205027
940294385
940532492
949491239
950000168
955440737
964755605
974410117
974623940
978323523
979924646
987288739
991434100
996331234
999881618
1003852393
1009417180
1013408567
1019285416
1020848976
1029278343
1033345785
1057880667
1063352646
1064273611
1072958823
1073017805
1075727259
1080788812
1091434376
1091773571
1097969074
1113872512
1121104569
1133429249
1135672032
1140987861
1153805343
1169351834
1177416576
1183871597
1187995119
1192897423
1195232286
1216816443
1218750184
1220624653
1222194850
1234979080
1235308597
1237353690
1237823794
1242532045
1265604474
1271415741
1278429092
1281485043
1286211830
1291797350
1293102177
1302172618
1304603447
1317075765
1323092008
1323609127
1344309299
1344411915
1345690876
1350194054
1350542432
1362419419
1379470532
1381003509
1381454381
1400329235
1421555581
1433162743
1438997884
1441028584
1467573482
1471173401
1473731377
1479397408
1480096931
1490727402
1501862993
1501936596
1504621884
1507951190
1515239351
1518265784
1522258807
1525125942
1525762210
1525914880
1526366377
1529367901
1529794163
1530670998
1533430080
1533605252
1534245325
1544339130
1548977510
1554745767
1556516763
1575346284
1585251423
1588612005
1593857321
1623385243
1628509206
1629008694
1638982365
1641066108
1650519709
1652851590
1655244967
1655845186
1657812074
1664935381
1669393787
1670817978
1672632252
1678335796
1689652815
1693250608
1696329625
1702145542
1702554388
1703342100
1714129942
1717080414
1723468720
1725008908
1729191404
1738076768
1738916888
1751406267
1753869291
1754605788
1759904087
1761348460
1777281782
1783793518
1784620021
1790638156
1807263194
1810815370
1818922801
1829278284
1832820326
1834409254
1841890449
1845125740
1845959107
1851553162
1856938139
1864527384
1898435830
1906223480
1915951480
1929322281
1935149085
1943386318
1954282099
1955754483
1957207225
1963409273
1968794464
1970439876
1981558796
1984119692
1984504025
1991885831
1994186332
1994750954
1997070400
2004797016
2015042732
2019879909
2021314192
2032424893
2037936696
2044126226
2045829724
2048697291
2048772905
2062226550
2064062489
2069240138
2069817253
2086472536
2086928609
2104666578
2118397827
2125884520
2138068623
2145817038
2145817038
2145817038
2145817038
2145817038
2145817038
2145817038
2145817038
2145817038
2145817038
2145817038
2145817038
2145817038
2145817038
2145817038
2145817038
2145817038
2145817038
2145817038
2145817038
2145817038
2145817038
2145817038
2145817038
2145817038
2145817038
2145817038
2145817038
2145817038
2145817038
2145817038
2145817038
2145817038
2145817038
2145817038
2145817038
2145817038
2145817038
2145817038
2145817038
2145817038
2145817038
2145817038
2145817038
2145817038
2145817038
2145817038
2145817038
2145817038
2145817038
2145817038
2145817038
2145817038
2145817038
2145817038
2145817038
2145817038
2145817038
2145817038
2145817038
2145817038
2145817038
2145817038
2145817038
2145817038
2145817038
2145817038
2145817038
2145817038
2145817038
2145817038
2145817038
2145817038
2145817038
2145817038
2145817038
2145817038
2145817038
2145817038
2145817038
2145817038
2145817038
2145817038
2145817038
2145817038
2145817038
2145817038
2145817038
2145817038
2145817038
2145817038
2145817038
2145817038
2145817038
2145817038
2145817038
2145817038
2145817038
2145817038
2145817038
2145817038
2145817038
2145817038
2145817038
2145817038
2145817038
2145817038
2145817038
2145817038
2145817038
2145817038
2145817038
2145817038
2145817038
2145817038
2145817038
2145817038
2145817038
2145817038
2145817038
2145817038
2145817038
2145817038
2145817038
2145817038
2145817038
2145817038
2145817038
2145817038
2145817038
2145817038
2145817038
2145817038
2145817038
2145817038
2145817038
2145817038
2145817038
2145817038
2145817038
2145817038
2145817038
2145817038
2145817038
2145817038
2145817038
2145817038
2145817038
2145817038
2145817038
2145817038
2145817038
2145817038
2145817038
2145817038
2145817038
2145817038
2145817038
2145817038
2145817038
2145817038
2145817038
2145817038
2145817038
2145817038
2145817038
2145817038
2145817038
2145817038
2145817038
2145817038
2145817038
2145817038
2145817038
2145817038
2145817038
2145817038
2145817038
2145817038
2145817038
2145817038
2145817038
2145817038
2145817038
2145817038
2145817038
2145817038
2145817038
2145817038
2145817038
2145817038
2145817038
2145817038
2145817038
2145817038
2145817038
2145817038
2145817038
2145817038
2145817038
2145817038
2145817038
2145817038
2145817038
2145817038
2145817038
2145817038
2145817038
2145817038
2145817038
2145817038
2145817038
2145817038
2145817038
2145817038
2145817038
2145817038
2145817038
2145817038
2145817038
2145817038
2145817038
2145817038
2145817038
2145817038
2145817038
2145817038
2145817038
2145817038
2145817038
2145817038
2145817038
2145817038
2145817038
2145817038
2145817038
2145817038
2145817038
2145817038
2145817038
2145817038
2145817038
2145817038
2145817038
2145817038
2145817038
2145817038
2145817038
2145817038
2145817038
2145817038
2145817038
2145817038
2145817038
2145817038
2145817038
2145817038
2145817038
2145817038
2145817038
2145817038
2145817038
2145817038
2145817038
2145817038
2145817038
2145817038
2145817038
2145817038
2145817038
2145817038
2145817038
2145817038
2145817038
2145817038
2145817038
2145817038
2145817038
2145817038
2145817038
2145817038
