1464701259
1585875895
1653775005
1888853727
1132312570
1569146893
347255877
801545760
755420994
1542934761
725697779
1911651685
862398315
1831275903
1775249435
1371197097
1346471356
397019494
497418130
510395165
625819932
636974090
747300105
1691655561
615827396
1583564581
2105672385
459706084
2085063829
1708988099
623187286
1590343739
1938054127
830572608
1626788963
919246500
136386935
2141942132
580994158
436999867
72672397
1506910183
901050290
1505529579
231319197
488523870
1746798440
1156047813
1136265035
2018319775
254045584
769184393
1851837127
838668358
1215014226
176121000
25073135
1665316255
1879551224
729451320
1197153362
518543083
1918615180
2080498043
1900459326
1047046353
1645738450
1737267470
104945946
1112615544
273347811
1622314168
940312119
1549348005
1310471738
392461092
176787088
1444577687
2103743624
859335571
1895025914
402182986
653885841
1629959975
269107722
409248722
1931491966
850935294
872356272
1950806931
440262941
792215777
1015519292
1577226555
830045587
238577195
1226108888
1897402557
413460352
1563583354
1255832984
1293511287
1147246246
1355731354
1374056112
591020765
689331501
887793643
1848757778
510253280
686491589
1427693480
1429010748
1048813130
413067293
1375551124
669875582
1673754185
883901688
645745364
901930418
1615502510
971158501
577005031
1788067560
1914844514
1106139977
1454903318
1074986566
147358628
109713926
1519997764
73411988
771082581
1122540048
1848661758
409598175
1374014925
354961726
1405033143
1810690997
403901906
2129803794
1033394601
1956073116
300978740
1981541852
1784125035
695595959
433024884
1539376510
2002210095
728763525
951905429
703191629
335695822
926281535
784749336
896794675
389892310
1151890249
1437558132
59878957
46491278
1398648739
717782674
1742016475
1057042082
1401429786
1429297536
1767669456
1281390849
1579494944
2054520890
1263838133
1309184868
116928460
604988040
111509376
740920412
2121710409
1560221358
138370197
452568723
2037084394
121749226
555526290
368309257
1739859832
899062242
1118680283
1435965938
1797292390
379500910
1677942864
1887517336
991292029
855925210
1101899929
929434143
826145845
1761022325
333652688
1845233853
522472435
736702300
1411800449
1235084891
1145610136
538731301
1027484015
419237375
1204456220
774476757
1442171673
652367972
2020832631
592547674
280630137
1285154934
1233389180
1610832236
1472750078
1061629193
172620653
1990533975
1061457246
1845366045
841180334
1900866254
204125423
1159609084
1244940999
1035321645
1219623351
1577955128
28556234
2069805858
1012211729
151997456
1364541548
408979317
1331042439
965912790
1039382911
1311157879
657551693
737805504
1245881518
668563826
588689265
510878364
2062207696
1223000404
1293586433
757189575
2014794704
716039920
1450717608
1282653105
1394099442
2098606307
1255548286
2065937122
1180656998
1043387496
1344563236
402649696
1773964367
2046780191
105399321
1312185949
1281250556
1943102251
1802180980
1166117525
834419984
1064226359
258019380
842263763
1311713648
148584638
1513927022
62797816
1402819337
1981718863
935618537
1189994461
1715379517
790685584
455010832
1539359762
756961699
742714369
61573840
1565197209
564086468
1964005061
1973121735
214693739
82275347
1959593675
914407912
934237875
2042085359
2075208138
262707359
1792508144
752200865
1740307080
1572145231
1412297335
902483463
1225599210
1317793249
1981210185
1835015655
574154955
1548726816
1191506628
1591315014
629319988
1438053167
34227162
882307545
80638885
431494571
1273192074
274696563
310440908
371047975
1654228083
591178148
239216143
372847249
1417219745
275317724
154054442
8888985
901314934
846806763
1369758530
1203722771
2060490530
964885834
1333413332
223992184
1600342
1286031895
638003104
1095751459
1576218188
1627745700
1377062694
1817979249
1935407255
1404775337
1314439032
1203410576
257332591
70739990
299104092
1324846851
1415511734
801387519
2012340310
369479254
1469382657
650986311
1392862893
1601102938
402719180
537381413
239515662
873702985
955186320
1832960499
1562520287
395413671
1828492414
691443230
38063397
1644290035
907500553
495139322
963878234
1231554985
155729915
456894016
1138386695
985890337
63511013
1351204146
2132757672
1281018342
830565393
1227200825
1277687116
1349807620
1806124144
1060323593
1528652863
1632807454
283199383
766100808
920352841
619130263
1189536895
889767511
580457359
5484612
406564726
1455513710
154528112
15496369
390260081
1398243805
1580922634
1645326427
981997429
316712866
1698341376
1289018671
1689910669
1864696724
1558020028
939455354
2104783384
2051541078
126403738
749505074
647402864
1954373509
2083216180
626319564
1954682959
250562292
241083366
1118883956
507555922
1503352136
1973935025
731292917
1563210214
1300932576
675752890
444587648
710530142
1282045903
513892382
1561188903
849026295
707401472
1760643068
1602380846
950202893
1692620239
697154554
1203843143
794449514
317870028
582045108
554646372
489442439
1187094969
391159637
728044777
1403150803
862979460
1126982199
113840001
894394837
1024743775
653000425
751196990
648360310
1392839444
1370350509
2008417682
1559417402
2049437332
840596541
1496245214
157781447
1223654023
1302778000
1452368820
1553484029
1179283055
89378070
1816413466
295960201
543874628
1272393833
366426753
380920723
132753858
1639654449
1793094448
53981577
661346280
1352760072
101321640
1523620497
797662511
2004326592
1164208034
513368993
1114818690
101187872
1622307520
1693919439
840915132
1190563521
1409599966
450512868
2147481918
198464386
848874651
803795965
1546364940
2006457995
529569397
1102114886
102220431
1080601667
1740169187
1620931587
1750252194
1380285823
154257428
1141781830
342373505
12277238
1534035274
831298598
1672711039
779183340
61341437
2109480486
1971699465
2113672042
1868713627
1682096550
178505962
1073904538
813508821
2122762421
1505909104
1734576205
1268854581
1606321298
1749286251
1420278849
1404315874
1332695309
907979511
1185718528
176301154
1108916146
594392789
790027963
812744771
174635680
1641361937
230161044
850844943
1274431559
58437259
1320468237
18740697
2065618620
1291808009
1943620214
35414460
742663781
1466692043
304596531
1568882033
524758495
1255473647
1632552618
734313531
1388129419
165415204
1129599407
23241013
2096883385
168093253
1197641284
1270521965
263849966
1281302784
994253714
101034142
1705029346
1973978917
1672876185
1929319352
1741365383
1689137518
1819386558
1095286964
1540465350
1498476875
221738407
1312888002
563904701
1177691635
1108120129
480240724
1927034100
1118697811
1228998204
164578415
883146091
1114113481
1653877358
1452622800
507647670
995058467
123900777
893619366
1595399845
983505884
74098647
1094839629
130424882
352324214
39116660
157862289
1236485769
1569791638
583838570
809530441
579024916
591071846
1687618736
316305524
1069521434
458512413
28550013
1754896906
1368210344
1547363889
1865801322
1675507807
569092320
438816265
253899323
86701460
412870335
2082648107
20803703
267895283
1516983618
379152852
1348114141
1644665696
1832893390
1690382974
2119454436
1404452742
954301431
965091484
696194312
1095943491
1595993140
342759191
855705434
1799101743
1016323140
242490041
1847352669
2081717113
1841840017
780209955
1964607234
973121684
1936261250
1690754175
1226699912
831011605
41024598
803404771
1591510151
105625758
875570537
105737659
715955325
124100377
610979721
171513329
590669478
720066089
447947333
1303020037
175553282
765659224
511096031
2758072
430386461
1101226998
1276268794
1192665187
1826800486
2016560357
1807867519
1027431123
1080612829
1758938535
703231508
637291432
967548216
20396218
1658559825
1137972500
320982964
1726843230
985966839
2045651457
308743198
1714980185
893077753
1807510431
886558295
233672218
777010007
762785202
2004228414
1388982760
2043619185
1272882439
193185177
1641491697
65446273
2034547739
702511504
724718341
420828600
159666163
198264882
607412381
2044287759
371906113
1486092161
1233630018
289320733
666462810
327676258
124054761
201972029
411189658
1201461642
1607105215
685487514
289901015
1360973133
1814300661
1749772438
2137042439
1068780252
829871792
1184070097
936051630
1459208266
734527787
1594824693
573235179
885506882
1997644450
1147437879
1113724148
416346062
297527696
1993974016
1191237385
837054317
1580142487
888125282
1719011881
834808160
1186151363
1761824746
1283716792
957192295
947080099
827147062
622749507
1905019763
269976662
1849813924
1903635923
1702693834
202189683
1709932946
1201541206
1333046564
1714424041
1635556742
1689853713
1053656118
1479200861
888661057
360345779
22447701
58945882
1600772539
1746421913
1267667066
2145931742
1691474928
1588372273
358373096
804482728
695682776
1887513643
298155072
1849189662
1896333141
342661843
216223791
705848264
846964291
1309046663
1406187470
625411224
878556208
1259751815
386448314
825429261
1538440219
105065399
2017411062
198580377
1113495249
531155329
694248262
1387407529
142816932
731301199
722109986
1796480796
1727455798
459244623
1432025610
1023024685
1334744932
465265837
1723685030
795661153
1654233013
1340431053
1489470313
2059446021
797645331
808842723
872696372
517199567
426715006
111267331
135445324
419329570
1315413271
186669226
237509142
1460230157
202266709
2107647577
1352760977
1512103938
1765378489
1254983669
2062687308
106478486
272576449
1284545501
836448863
955613969
997505863
247972552
75145586
1901151043
1615321544
744717833
727526533
500166358
1139632273
1487451050
1667325662
2012788441
927174895
2080267349
1054350336
1214860497
1847855701
1934334082
1206900291
1828195207
1359185524
2089495997
1142386541
284821538
1180386351
718891836
1353039467
826412068
1140443773
1608611967
1840430911
1124955573
2130168904
1076824380
1554999824
649331024
1269707612
1669954318
2095657820
1955560342
766137188
572349244
147206474
741366077
977094208
1389974281
1126624508
1536440763
1189309787
386104814
1157290055
1974685547
1734418138
1789666843
800353752
1163506089
2115073986
558033337
300546069
853644648
327440329
959662331
1209008201
1896050396
1361609694
151886418
333080144
378600002
1432285678
878798972
158408482
814755309
636763235
370030390
1246076206
1909133981
1218264293
1634709757
1375067664
1384744286
2142490559
594164611
1514808206
885645411
1410383627
134018619
268063037
1995279673
1937757766
1486757355
2055730419
1215200264
2112560455
189193173
370799977
299009809
570047349
1907587310
786885000
1387379388
1686307646
603782398
307959792
2118420097
482878717
558969468
583474700
412014463
304286378
1429083244
1191460611
601692255
1045814070
925213694
270228408
1340611408
40019163
382674099
1134268745
1368714027
442806604
