3131130
8072983
23807858
24235884
24314118
26753935
27111251
34590956
37933816
40179397
41877298
44392766
52470959
54224503
54366743
54827422
60113214
62635083
62831009
63469878
70671785
73351561
73526691
73537218
77002619
82529338
88828750
89710950
91045629
91545050
97236936
97841144
98318924
102358449
102505461
107946247
111457287
117981437
118126462
118342094
120974367
134190388
134471378
136181865
139051102
139104887
142805964
143494403
144227332
150611804
159181430
162164103
164338906
169029949
169447687
169578552
177225501
180899062
192079498
194574717
200522166
202657641
203360402
204718602
206970396
210157607
212149738
213526042
214725492
215301146
219536416
219754286
219796461
222558033
234442130
237027533
240394164
241493297
246800453
247667323
257569899
259380719
265824171
267501320
271023454
272996269
274421312
275264274
277913380
289790763
291282972
292710354
298380915
303178176
310787018
311001364
318582734
319841757
322627498
323165195
323382578
325422018
328291748
329377527
331650491
332194438
333437717
335580098
340390214
346009598
347016376
359443905
365148680
367084563
367294710
368326045
370575352
371506496
371997305
380394451
380985747
391496715
393560154
393800318
398419655
402228770
404454778
406017185
409661648
412732919
424829964
437303666
437505163
439657660
439750515
441684993
442561317
443432856
445632464
446623213
446830556
450128721
452136651
452386441
454638920
462164112
467066137
471900956
473428475
475008922
478535331
483154745
487223322
489272182
489370385
494845830
495149246
496501396
498062797
506180264
511546318
524464694
524927827
527105817
529001474
529109520
530290670
532086193
532595660
532755421
532882333
535867587
536676527
537326680
542944078
547602880
550657823
551176622
555773733
557365950
558746101
562559678
563066225
564259508
566677227
568727454
569244640
572415272
572649491
581029704
581336551
581960798
582063399
597334732
599700378
600062880
604391895
613271850
621923883
626923006
628000404
634474453
641111617
641783962
642721923
642935153
644625639
646641705
647746154
651583679
652797837
662249139
664614492
674058240
679507139
679697101
683089354
691514358
694047864
696623119
703496253
704785217
704811973
706089571
715102929
719383701
728990997
738333301
738411678
741638091
762930268
765515671
770261582
771822166
772829553
778542325
782269070
788278751
789439574
790706020
792860093
794006572
795961665
800036913
803049014
806288790
808866821
813421213
814511503
815618560
818381429
819815063
821892986
826887774
829471992
830272715
832935715
836221309
840199901
841705303
844007856
847114365
849887803
862806561
877312081
878088390
879950467
890949988
894389058
896987012
908411205
911960076
917099795
918968255
924036096
927801832
929170170
930631927
932193423
933549363
933898054
938391594
939439468
939804565
944784656
946846292
952264838
953399959
953546353
955603694
955658686
957567825
958553444
959449890
963533908
966090466
969802041
981128427
990118850
991561589
994884687
995837172
1000021215
1002158037
1004389441
1007997787
1009618616
1011197061
1012504695
1012816100
1017893973
1021372807
1029467455
1033348922
1033495335
1033817152
1034022368
1034702704
1035549276
1038222276
1046541515
1051209241
1053301597
1056165856
1057842569
1063978390
1072119105
1072953045
1077144443
1079280223
1088000146
1088660394
1090505376
1091381789
1091987407
1095608790
1097696621
1099724740
1101473122
1106584046
1107428245
1108341914
1110172904
1110760314
1119642766
1124328803
1126310449
1128481031
1134538798
1135567688
1135672236
1141787433
1142982875
1143338433
1145265830
1148777679
1149298622
1154449087
1168053739
1170974837
1171940186
1180274226
1181939423
1184015198
1188198400
1194795972
1198759483
1199636154
1202210956
1203217770
1205375790
1206151787
1209035889
1211807835
1212008294
1214769143
1220413216
1220645108
1222568488
1222719091
1227634749
1227972033
1249839244
1253278591
1255942148
1260178571
1261255909
1273054055
1274229992
1281638859
1283557091
1285481511
1286175361
1289620806
1291367826
1294240246
1297348668
1298267203
1300435205
1311206120
1312686568
1313637680
1320426779
1327048459
1328087319
1334562059
1334592170
1339871706
1340508310
1346486949
1347246583
1350525314
1351093204
1351445242
1353366688
1355920144
1356439861
1363620626
1363754308
1366315411
1369736246
1373662257
1379648471
1382849835
1385277812
1386158734
1386994365
1387882395
1390807734
1397551892
1401158610
1401556952
1405793648
1409238429
1409345152
1422501409
1424607393
1425078016
1433176550
1438725653
1438727285
1440273071
1443323816
1445515135
1445563861
1450681771
1450822010
1456826977
1457723030
1457768124
1464746264
1465705720
1471175335
1471521207
1474036459
1480880432
1481340772
1485893514
1488795100
1491423548
1499555907
1503169996
1503682179
1504883085
1505346275
1507860976
1508438852
1513205339
1516066423
1521902037
1525262747
1527273195
1536796435
1540808871
1541477510
1543106951
1547083150
1549436120
1557495365
1558141532
1562284780
1563544236
1581263911
1585866465
1592114573
1597552953
1601211653
1602815187
1605609767
1609617366
1614153817
1619123823
1623630193
1623746672
1624416463
1624653756
1624699534
1625160058
1628819779
1631039947
1633534485
1642138492
1643774021
1644190632
1644548187
1650542486
1653481938
1654077704
1661184369
1661321727
1663068498
1674066021
1676242049
1677746380
1679285037
1682139632
1684847302
1686878006
1688757249
1691748325
1693183210
1702020360
1709480150
1714625263
1719862108
1723395365
1733698420
1736107661
1737073139
1737398143
1738415722
1744225343
1756952888
1761248724
1761511901
1772054823
1775983984
1779500110
1784010948
1784139665
1785791572
1792036567
1796874352
1797784104
1802655864
1815228500
1817146435
1822262243
1830563460
1838201056
1843195300
1845643258
1847241257
1848292720
1857612436
1857670494
1857732487
1858638968
1865710460
1869700369
1870642570
1877710207
1878555907
1878662832
1879211777
1881540791
1882044113
1886263876
1897502869
1901357506
1904579407
1908741113
1915941924
1923054866
1923400896
1925290017
1928997886
1934366415
1936604945
1939087810
1946685857
1949899541
1955640319
1960030322
1960786449
1962760650
1965435692
1970798980
1970897340
1974009713
1977294158
1980577557
1984316850
1984465810
1985207394
1986622847
1987820775
1997797764
2006288299
2006814478
2012698139
2013172006
2017163030
2019325067
2020506989
2021487421
2030994241
2038526493
2054827873
2056630186
2059164076
2061945863
2064789476
2066167151
2067307889
2071802397
2073877011
2074189724
2075612669
2079628692
2084448971
2089355333
2089594707
2089731906
2090417398
2091349705
2094246507
2095737213
2099032390
2102128841
2108412204
2112650431
2112883498
2117431037
2127996849
2129331991
2129876484
2134502650
2134615129
2144308233
